[id][cost,state,father_id,action,depth,h,value]
[0] [0.0,(0,0),None,None,0,177.0,0.0]
[1] [1.0,(1,0),0,S,1,176.0 ,1.0]
[3] [5.0,(1,1),1,E,2,175.0 ,2.0]
[5] [8.0,(2,1),3,S,3,174.0 ,3.0]
[10] [11.0,(3,1),5,S,4,173.0 ,4.0]
[16] [15.0,(3,2),10,E,5,172.0 ,5.0]
[19] [16.0,(2,2),16,N,6,173.0 ,6.0]
[23] [19.0,(2,3),19,E,7,172.0 ,7.0]
[27] [23.0,(2,4),23,E,8,171.0 ,8.0]
[33] [24.0,(1,4),27,N,9,172.0 ,9.0]
[43] [28.0,(1,5),33,E,10,171.0 ,10.0]
[54] [30.0,(0,5),43,N,11,172.0 ,11.0]
[63] [33.0,(0,6),54,E,12,171.0 ,12.0]
[67] [36.0,(0,7),63,E,13,170.0 ,13.0]
[72] [37.0,(0,8),67,E,14,169.0 ,14.0]
[77] [40.0,(0,9),72,E,15,168.0 ,15.0]
[81] [41.0,(0,10),77,E,16,167.0 ,16.0]
[85] [45.0,(0,11),81,E,17,166.0 ,17.0]
[89] [47.0,(0,12),85,E,18,165.0 ,18.0]
[95] [50.0,(0,13),89,E,19,164.0 ,19.0]
[104] [53.0,(0,14),95,E,20,163.0 ,20.0]
[115] [56.0,(1,14),104,S,21,162.0 ,21.0]
[130] [58.0,(1,15),115,E,22,161.0 ,22.0]
[141] [62.0,(1,16),130,E,23,160.0 ,23.0]
[154] [65.0,(2,16),141,S,24,159.0 ,24.0]
[170] [69.0,(3,16),154,S,25,158.0 ,25.0]
[187] [70.0,(3,15),170,O,26,159.0 ,26.0]
[201] [71.0,(3,14),187,O,27,160.0 ,27.0]
[211] [75.0,(4,14),201,S,28,159.0 ,28.0]
[222] [76.0,(4,13),211,O,29,160.0 ,29.0]
[229] [79.0,(5,13),222,S,30,159.0 ,30.0]
[236] [82.0,(5,14),229,E,31,158.0 ,31.0]
[244] [83.0,(6,14),236,S,32,157.0 ,32.0]
[253] [86.0,(7,14),244,S,33,156.0 ,33.0]
[262] [90.0,(8,14),253,S,34,155.0 ,34.0]
[269] [91.0,(8,15),262,E,35,154.0 ,35.0]
[277] [95.0,(9,15),269,S,36,153.0 ,36.0]
[284] [96.0,(9,16),277,E,37,152.0 ,37.0]
[288] [100.0,(9,17),284,E,38,151.0 ,38.0]
[296] [103.0,(10,17),288,S,39,150.0 ,39.0]
[307] [107.0,(11,17),296,S,40,149.0 ,40.0]
[317] [108.0,(11,16),307,O,41,150.0 ,41.0]
[330] [111.0,(12,16),317,S,42,149.0 ,42.0]
[350] [113.0,(13,16),330,S,43,148.0 ,43.0]
[372] [117.0,(13,17),350,E,44,147.0 ,44.0]
[396] [120.0,(14,17),372,S,45,146.0 ,45.0]
[420] [123.0,(15,17),396,S,46,145.0 ,46.0]
[446] [125.0,(16,17),420,S,47,144.0 ,47.0]
[475] [128.0,(16,16),446,O,48,145.0 ,48.0]
[505] [132.0,(17,16),475,S,49,144.0 ,49.0]
[538] [135.0,(18,16),505,S,50,143.0 ,50.0]
[570] [138.0,(19,16),538,S,51,142.0 ,51.0]
[599] [141.0,(19,17),570,E,52,141.0 ,52.0]
[626] [143.0,(19,18),599,E,53,140.0 ,53.0]
[651] [147.0,(20,18),626,S,54,139.0 ,54.0]
[679] [149.0,(21,18),651,S,55,138.0 ,55.0]
[696] [153.0,(21,17),679,O,56,139.0 ,56.0]
[708] [156.0,(21,16),696,O,57,140.0 ,57.0]
[717] [160.0,(22,16),708,S,58,139.0 ,58.0]
[726] [163.0,(22,17),717,E,59,138.0 ,59.0]
[734] [164.0,(22,18),726,E,60,137.0 ,60.0]
[746] [168.0,(23,18),734,S,61,136.0 ,61.0]
[759] [171.0,(23,17),746,O,62,137.0 ,62.0]
[767] [175.0,(23,16),759,O,63,138.0 ,63.0]
[774] [179.0,(24,16),767,S,64,137.0 ,64.0]
[779] [181.0,(24,17),774,E,65,136.0 ,65.0]
[786] [185.0,(25,17),779,S,66,135.0 ,66.0]
[797] [189.0,(25,18),786,E,67,134.0 ,67.0]
[805] [192.0,(24,18),797,N,68,135.0 ,68.0]
[814] [195.0,(24,19),805,E,69,134.0 ,69.0]
[824] [197.0,(24,20),814,E,70,133.0 ,70.0]
[834] [198.0,(24,21),824,E,71,132.0 ,71.0]
[843] [200.0,(24,22),834,E,72,131.0 ,72.0]
[851] [202.0,(25,22),843,S,73,130.0 ,73.0]
[858] [206.0,(25,23),851,E,74,129.0 ,74.0]
[861] [210.0,(26,23),858,S,75,128.0 ,75.0]
[870] [211.0,(26,24),861,E,76,127.0 ,76.0]
[877] [212.0,(26,25),870,E,77,126.0 ,77.0]
[886] [213.0,(26,26),877,E,78,125.0 ,78.0]
[897] [216.0,(26,27),886,E,79,124.0 ,79.0]
[909] [217.0,(26,28),897,E,80,123.0 ,80.0]
[921] [220.0,(25,28),909,N,81,124.0 ,81.0]
[933] [223.0,(25,29),921,E,82,123.0 ,82.0]
[946] [224.0,(24,29),933,N,83,124.0 ,83.0]
[954] [227.0,(24,30),946,E,84,123.0 ,84.0]
[963] [229.0,(24,31),954,E,85,122.0 ,85.0]
[974] [230.0,(24,32),963,E,86,121.0 ,86.0]
[986] [234.0,(24,33),974,E,87,120.0 ,87.0]
[1002] [235.0,(24,34),986,E,88,119.0 ,88.0]
[1019] [238.0,(24,35),1002,E,89,118.0 ,89.0]
[1036] [239.0,(24,36),1019,E,90,117.0 ,90.0]
[1051] [242.0,(24,37),1036,E,91,116.0 ,91.0]
[1062] [243.0,(25,37),1051,S,92,115.0 ,92.0]
[1076] [244.0,(25,38),1062,E,93,114.0 ,93.0]
[1096] [248.0,(24,38),1076,N,94,115.0 ,94.0]
[1111] [250.0,(24,39),1096,E,95,114.0 ,95.0]
[1124] [252.0,(23,39),1111,N,96,115.0 ,96.0]
[1137] [255.0,(23,40),1124,E,97,114.0 ,97.0]
[1157] [258.0,(22,40),1137,N,98,115.0 ,98.0]
[1178] [260.0,(22,41),1157,E,99,114.0 ,99.0]
[1206] [261.0,(23,41),1178,S,100,113.0 ,100.0]
[1238] [262.0,(24,41),1206,S,101,112.0 ,101.0]
[1274] [263.0,(24,42),1238,E,102,111.0 ,102.0]
[1313] [267.0,(23,42),1274,N,103,112.0 ,103.0]
[1345] [270.0,(23,43),1313,E,104,111.0 ,104.0]
[1374] [271.0,(24,43),1345,S,105,110.0 ,105.0]
[1402] [274.0,(24,44),1374,E,106,109.0 ,106.0]
[1430] [275.0,(24,45),1402,E,107,108.0 ,107.0]
[1464] [279.0,(25,45),1430,S,108,107.0 ,108.0]
[1500] [283.0,(26,45),1464,S,109,106.0 ,109.0]
[1538] [285.0,(26,44),1500,O,110,107.0 ,110.0]
[1574] [286.0,(27,44),1538,S,111,106.0 ,111.0]
[1621] [288.0,(28,44),1574,S,112,105.0 ,112.0]
[1666] [289.0,(29,44),1621,S,113,104.0 ,113.0]
[1713] [293.0,(30,44),1666,S,114,103.0 ,114.0]
[1758] [294.0,(31,44),1713,S,115,102.0 ,115.0]
[1803] [295.0,(31,45),1758,E,116,101.0 ,116.0]
[1858] [298.0,(31,46),1803,E,117,100.0 ,117.0]
[1915] [299.0,(31,47),1858,E,118,99.0 ,118.0]
[1969] [302.0,(32,47),1915,S,119,98.0 ,119.0]
[2029] [303.0,(33,47),1969,S,120,97.0 ,120.0]
[2075] [306.0,(33,48),2029,E,121,96.0 ,121.0]
[2119] [309.0,(33,49),2075,E,122,95.0 ,122.0]
[2164] [310.0,(33,50),2119,E,123,94.0 ,123.0]
[2218] [311.0,(33,51),2164,E,124,93.0 ,124.0]
[2281] [315.0,(33,52),2218,E,125,92.0 ,125.0]
[2346] [319.0,(33,53),2281,E,126,91.0 ,126.0]
[2406] [321.0,(33,54),2346,E,127,90.0 ,127.0]
[2462] [324.0,(32,54),2406,N,128,91.0 ,128.0]
[2510] [328.0,(31,54),2462,N,129,92.0 ,129.0]
[2564] [329.0,(31,55),2510,E,130,91.0 ,130.0]
[2622] [331.0,(31,56),2564,E,131,90.0 ,131.0]
[2681] [335.0,(32,56),2622,S,132,89.0 ,132.0]
[2753] [339.0,(33,56),2681,S,133,88.0 ,133.0]
[2832] [340.0,(33,57),2753,E,134,87.0 ,134.0]
[2918] [344.0,(34,57),2832,S,135,86.0 ,135.0]
[3003] [345.0,(35,57),2918,S,136,85.0 ,136.0]
[3083] [347.0,(35,56),3003,O,137,86.0 ,137.0]
[3157] [351.0,(35,55),3083,O,138,87.0 ,138.0]
[3239] [354.0,(36,55),3157,S,139,86.0 ,139.0]
[3322] [356.0,(36,54),3239,O,140,87.0 ,140.0]
[3390] [359.0,(36,53),3322,O,141,88.0 ,141.0]
[3458] [361.0,(37,53),3390,S,142,87.0 ,142.0]
[3522] [364.0,(38,53),3458,S,143,86.0 ,143.0]
[3576] [368.0,(38,52),3522,O,144,87.0 ,144.0]
[3625] [371.0,(39,52),3576,S,145,86.0 ,145.0]
[3674] [373.0,(40,52),3625,S,146,85.0 ,146.0]
[3723] [374.0,(41,52),3674,S,147,84.0 ,147.0]
[3777] [376.0,(41,51),3723,O,148,85.0 ,148.0]
[3820] [380.0,(41,50),3777,O,149,86.0 ,149.0]
[3867] [381.0,(41,49),3820,O,150,87.0 ,150.0]
[3919] [384.0,(41,48),3867,O,151,88.0 ,151.0]
[3973] [386.0,(42,48),3919,S,152,87.0 ,152.0]
[4034] [388.0,(42,49),3973,E,153,86.0 ,153.0]
[4100] [392.0,(43,49),4034,S,154,85.0 ,154.0]
[4168] [396.0,(44,49),4100,S,155,84.0 ,155.0]
[4238] [397.0,(44,50),4168,E,156,83.0 ,156.0]
[4299] [398.0,(45,50),4238,S,157,82.0 ,157.0]
[4356] [400.0,(45,49),4299,O,158,83.0 ,158.0]
[4413] [401.0,(45,48),4356,O,159,84.0 ,159.0]
[4471] [403.0,(44,48),4413,N,160,85.0 ,160.0]
[4538] [406.0,(43,48),4471,N,161,86.0 ,161.0]
[4610] [410.0,(43,47),4538,O,162,87.0 ,162.0]
[4684] [414.0,(44,47),4610,S,163,86.0 ,163.0]
[4762] [416.0,(45,47),4684,S,164,85.0 ,164.0]
[4834] [417.0,(46,47),4762,S,165,84.0 ,165.0]
[4899] [418.0,(46,48),4834,E,166,83.0 ,166.0]
[4961] [419.0,(47,48),4899,S,167,82.0 ,167.0]
[5025] [421.0,(47,47),4961,O,168,83.0 ,168.0]
[5082] [424.0,(47,46),5025,O,169,84.0 ,169.0]
[5140] [427.0,(48,46),5082,S,170,83.0 ,170.0]
[5209] [429.0,(49,46),5140,S,171,82.0 ,171.0]
[5275] [431.0,(49,47),5209,E,172,81.0 ,172.0]
[5333] [432.0,(50,47),5275,S,173,80.0 ,173.0]
[5378] [434.0,(50,48),5333,E,174,79.0 ,174.0]
[5420] [438.0,(50,49),5378,E,175,78.0 ,175.0]
[5467] [440.0,(50,50),5420,E,176,77.0 ,176.0]
[5520] [442.0,(50,51),5467,E,177,76.0 ,177.0]
[5575] [445.0,(50,52),5520,E,178,75.0 ,178.0]
[5626] [447.0,(49,52),5575,N,179,76.0 ,179.0]
[5675] [450.0,(49,53),5626,E,180,75.0 ,180.0]
[5725] [453.0,(49,54),5675,E,181,74.0 ,181.0]
[5782] [457.0,(49,55),5725,E,182,73.0 ,182.0]
[5841] [458.0,(48,55),5782,N,183,74.0 ,183.0]
[5898] [459.0,(48,56),5841,E,184,73.0 ,184.0]
[5959] [460.0,(49,56),5898,S,185,72.0 ,185.0]
[6027] [464.0,(50,56),5959,S,186,71.0 ,186.0]
[6087] [465.0,(50,57),6027,E,187,70.0 ,187.0]
[6147] [469.0,(50,58),6087,E,188,69.0 ,188.0]
[6207] [472.0,(51,58),6147,S,189,68.0 ,189.0]
[6263] [476.0,(51,57),6207,O,190,69.0 ,190.0]
[6308] [478.0,(52,57),6263,S,191,68.0 ,191.0]
[6358] [481.0,(52,56),6308,O,192,69.0 ,192.0]
[6393] [485.0,(53,56),6358,S,193,68.0 ,193.0]
[6432] [486.0,(54,56),6393,S,194,67.0 ,194.0]
[6475] [487.0,(54,57),6432,E,195,66.0 ,195.0]
[6515] [490.0,(55,57),6475,S,196,65.0 ,196.0]
[6558] [493.0,(56,57),6515,S,197,64.0 ,197.0]
[6599] [495.0,(56,56),6558,O,198,65.0 ,198.0]
[6631] [498.0,(57,56),6599,S,199,64.0 ,199.0]
[6671] [501.0,(58,56),6631,S,200,63.0 ,200.0]
[6720] [504.0,(59,56),6671,S,201,62.0 ,201.0]
[6767] [505.0,(59,55),6720,O,202,63.0 ,202.0]
[6807] [506.0,(60,55),6767,S,203,62.0 ,203.0]
[6848] [508.0,(61,55),6807,S,204,61.0 ,204.0]
[6881] [509.0,(62,55),6848,S,205,60.0 ,205.0]
[6920] [511.0,(62,54),6881,O,206,61.0 ,206.0]
[6963] [515.0,(63,54),6920,S,207,60.0 ,207.0]
[7010] [516.0,(63,55),6963,E,208,59.0 ,208.0]
[7052] [518.0,(63,56),7010,E,209,58.0 ,209.0]
[7092] [520.0,(63,57),7052,E,210,57.0 ,210.0]
[7127] [522.0,(64,57),7092,S,211,56.0 ,211.0]
[7168] [524.0,(64,58),7127,E,212,55.0 ,212.0]
[7201] [526.0,(63,58),7168,N,213,56.0 ,213.0]
[7230] [529.0,(63,59),7201,E,214,55.0 ,214.0]
[7266] [530.0,(64,59),7230,S,215,54.0 ,215.0]
[7301] [534.0,(64,60),7266,E,216,53.0 ,216.0]
[7325] [538.0,(65,60),7301,S,217,52.0 ,217.0]
[7355] [539.0,(65,61),7325,E,218,51.0 ,218.0]
[7381] [540.0,(66,61),7355,S,219,50.0 ,219.0]
[7409] [541.0,(66,62),7381,E,220,49.0 ,220.0]
[7430] [543.0,(67,62),7409,S,221,48.0 ,221.0]
[7454] [545.0,(67,63),7430,E,222,47.0 ,222.0]
[7479] [546.0,(68,63),7454,S,223,46.0 ,223.0]
[7513] [548.0,(69,63),7479,S,224,45.0 ,224.0]
[7542] [552.0,(70,63),7513,S,225,44.0 ,225.0]
[7564] [553.0,(70,64),7542,E,226,43.0 ,226.0]
[7584] [557.0,(69,64),7564,N,227,44.0 ,227.0]
[7602] [560.0,(69,65),7584,E,228,43.0 ,228.0]
[7622] [562.0,(69,66),7602,E,229,42.0 ,229.0]
[7648] [566.0,(70,66),7622,S,230,41.0 ,230.0]
[7686] [569.0,(71,66),7648,S,231,40.0 ,231.0]
[7723] [570.0,(71,65),7686,O,232,41.0 ,232.0]
[7759] [572.0,(71,64),7723,O,233,42.0 ,233.0]
[7798] [574.0,(72,64),7759,S,234,41.0 ,234.0]
[7840] [578.0,(72,65),7798,E,235,40.0 ,235.0]
[7873] [580.0,(73,65),7840,S,236,39.0 ,236.0]
[7903] [584.0,(74,65),7873,S,237,38.0 ,237.0]
[7941] [585.0,(75,65),7903,S,238,37.0 ,238.0]
[7982] [589.0,(76,65),7941,S,239,36.0 ,239.0]
[8028] [592.0,(76,66),7982,E,240,35.0 ,240.0]
[8079] [593.0,(76,67),8028,E,241,34.0 ,241.0]
[8133] [597.0,(76,68),8079,E,242,33.0 ,242.0]
[8187] [600.0,(77,68),8133,S,243,32.0 ,243.0]
[8246] [601.0,(78,68),8187,S,244,31.0 ,244.0]
[8304] [603.0,(79,68),8246,S,245,30.0 ,245.0]
[8367] [604.0,(79,67),8304,O,246,31.0 ,246.0]
[8429] [605.0,(79,66),8367,O,247,32.0 ,247.0]
[8484] [607.0,(79,65),8429,O,248,33.0 ,248.0]
[8530] [609.0,(80,65),8484,S,249,32.0 ,249.0]
[8573] [612.0,(81,65),8530,S,250,33.0 ,250.0]
[8623] [616.0,(81,66),8573,E,251,32.0 ,251.0]
[8679] [619.0,(81,67),8623,E,252,31.0 ,252.0]
[8735] [620.0,(81,68),8679,E,253,30.0 ,253.0]
[8790] [624.0,(82,68),8735,S,254,31.0 ,254.0]
[8856] [625.0,(82,67),8790,O,255,32.0 ,255.0]
[8930] [628.0,(82,66),8856,O,256,33.0 ,256.0]
[9006] [629.0,(83,66),8930,S,257,34.0 ,257.0]
[9071] [630.0,(84,66),9006,S,258,35.0 ,258.0]
[9131] [633.0,(84,65),9071,O,259,36.0 ,259.0]
[9190] [636.0,(85,65),9131,S,260,37.0 ,260.0]
[9260] [638.0,(85,64),9190,O,261,38.0 ,261.0]
[9331] [642.0,(86,64),9260,S,262,39.0 ,262.0]
[9403] [646.0,(86,65),9331,E,263,38.0 ,263.0]
[9482] [648.0,(87,65),9403,S,264,39.0 ,264.0]
[9560] [649.0,(87,66),9482,E,265,38.0 ,265.0]
[9636] [651.0,(88,66),9560,S,266,39.0 ,266.0]
[9715] [652.0,(88,65),9636,O,267,40.0 ,267.0]
[9782] [656.0,(89,65),9715,S,268,41.0 ,268.0]
[9843] [657.0,(90,65),9782,S,269,42.0 ,269.0]
[9896] [660.0,(90,66),9843,E,270,41.0 ,270.0]
[9940] [663.0,(90,67),9896,E,271,40.0 ,271.0]
[9990] [667.0,(90,68),9940,E,272,39.0 ,272.0]
[10042] [670.0,(91,68),9990,S,273,40.0 ,273.0]
[10095] [673.0,(91,69),10042,E,274,39.0 ,274.0]
[10148] [674.0,(91,70),10095,E,275,38.0 ,275.0]
[10200] [677.0,(91,71),10148,E,276,37.0 ,276.0]
[10254] [681.0,(91,72),10200,E,277,36.0 ,277.0]
[10314] [685.0,(92,72),10254,S,278,37.0 ,278.0]
[10379] [689.0,(93,72),10314,S,279,38.0 ,279.0]
[10447] [692.0,(93,71),10379,O,280,39.0 ,280.0]
[10523] [696.0,(93,70),10447,O,281,40.0 ,281.0]
[10605] [699.0,(94,70),10523,S,282,41.0 ,282.0]
[10680] [702.0,(95,70),10605,S,283,42.0 ,283.0]
[10756] [706.0,(95,71),10680,E,284,41.0 ,284.0]
[10838] [709.0,(96,71),10756,S,285,42.0 ,285.0]
[10926] [713.0,(97,71),10838,S,286,43.0 ,286.0]
[11015] [714.0,(98,71),10926,S,287,44.0 ,287.0]
[11109] [716.0,(99,71),11015,S,288,45.0 ,288.0]
[11194] [718.0,(99,72),11109,E,289,44.0 ,289.0]
[11275] [721.0,(99,73),11194,E,290,43.0 ,290.0]
[11359] [722.0,(98,73),11275,N,291,42.0 ,291.0]
[11443] [725.0,(98,74),11359,E,292,41.0 ,292.0]
[11524] [728.0,(97,74),11443,N,293,40.0 ,293.0]
[11615] [731.0,(97,75),11524,E,294,39.0 ,294.0]
[11713] [733.0,(97,76),11615,E,295,38.0 ,295.0]
[11803] [734.0,(96,76),11713,N,296,37.0 ,296.0]
[11896] [736.0,(96,77),11803,E,297,36.0 ,297.0]
[11988] [739.0,(95,77),11896,N,298,35.0 ,298.0]
[12075] [741.0,(95,78),11988,E,299,34.0 ,299.0]
[12158] [742.0,(94,78),12075,N,300,33.0 ,300.0]
[12243] [743.0,(93,78),12158,N,301,32.0 ,301.0]
[12332] [746.0,(92,78),12243,N,302,31.0 ,302.0]
[12414] [750.0,(91,78),12332,N,303,30.0 ,303.0]
[12491] [754.0,(91,77),12414,O,304,31.0 ,304.0]
[12557] [755.0,(90,77),12491,N,305,30.0 ,305.0]
[12624] [756.0,(90,78),12557,E,306,29.0 ,306.0]
[12699] [759.0,(90,79),12624,E,307,28.0 ,307.0]
[12774] [760.0,(90,80),12699,E,308,27.0 ,308.0]
[12852] [762.0,(90,81),12774,E,309,26.0 ,309.0]
[12931] [763.0,(90,82),12852,E,310,25.0 ,310.0]
[13010] [767.0,(89,82),12931,N,311,24.0 ,311.0]
[13093] [771.0,(89,83),13010,E,312,23.0 ,312.0]
[13190] [773.0,(88,83),13093,N,313,22.0 ,313.0]
[13273] [776.0,(87,83),13190,N,314,21.0 ,314.0]
[13360] [780.0,(87,84),13273,E,315,20.0 ,315.0]
[13451] [784.0,(87,85),13360,E,316,19.0 ,316.0]
[13538] [786.0,(88,85),13451,S,317,20.0 ,317.0]
[13624] [789.0,(88,86),13538,E,318,19.0 ,318.0]
[13699] [790.0,(88,87),13624,E,319,18.0 ,319.0]
[13776] [792.0,(89,87),13699,S,320,19.0 ,320.0]
[13859] [796.0,(89,88),13776,E,321,18.0 ,321.0]
[13948] [800.0,(89,89),13859,E,322,17.0 ,322.0]
[14048] [802.0,(90,89),13948,S,323,18.0 ,323.0]
[14154] [805.0,(90,88),14048,O,324,19.0 ,324.0]
[14259] [807.0,(91,88),14154,S,325,20.0 ,325.0]
[14371] [811.0,(91,89),14259,E,326,19.0 ,326.0]
[14483] [815.0,(91,90),14371,E,327,18.0 ,327.0]
[14602] [817.0,(91,91),14483,E,328,17.0 ,328.0]
[14718] [820.0,(90,91),14602,N,329,16.0 ,329.0]
[14838] [822.0,(89,91),14718,N,330,15.0 ,330.0]
[14974] [823.0,(89,92),14838,E,331,14.0 ,331.0]
[15112] [824.0,(89,93),14974,E,332,13.0 ,332.0]
[15230] [828.0,(88,93),15112,N,333,12.0 ,333.0]
[15340] [832.0,(87,93),15230,N,334,11.0 ,334.0]
[15448] [834.0,(87,94),15340,E,335,10.0 ,335.0]
[15564] [837.0,(88,94),15448,S,336,11.0 ,336.0]
[15686] [839.0,(88,95),15564,E,337,10.0 ,337.0]
[15795] [841.0,(87,95),15686,N,338,9.0 ,338.0]
[15899] [843.0,(87,96),15795,E,339,8.0 ,339.0]
[16004] [847.0,(86,96),15899,N,340,7.0 ,340.0]
[16107] [850.0,(86,95),16004,O,341,8.0 ,341.0]
[16209] [854.0,(86,94),16107,O,342,9.0 ,342.0]
[16304] [857.0,(85,94),16209,N,343,8.0 ,343.0]
[16394] [861.0,(84,94),16304,N,344,7.0 ,344.0]
[16482] [865.0,(84,93),16394,O,345,8.0 ,345.0]
[16563] [869.0,(85,93),16482,S,346,9.0 ,346.0]
[16652] [871.0,(85,92),16563,O,347,10.0 ,347.0]
[16721] [874.0,(85,91),16652,O,348,11.0 ,348.0]
[16780] [878.0,(84,91),16721,N,349,10.0 ,349.0]
[16823] [881.0,(83,91),16780,N,350,9.0 ,350.0]
[16867] [885.0,(82,91),16823,N,351,8.0 ,351.0]
[16928] [886.0,(81,91),16867,N,352,7.0 ,352.0]
[16991] [888.0,(80,91),16928,N,353,6.0 ,353.0]
[17049] [891.0,(79,91),16991,N,354,7.0 ,354.0]
[17100] [894.0,(79,92),17049,E,355,6.0 ,355.0]
[17150] [896.0,(79,93),17100,E,356,5.0 ,356.0]
[17204] [900.0,(79,94),17150,E,357,4.0 ,357.0]
[17259] [902.0,(78,94),17204,N,358,5.0 ,358.0]
[17313] [906.0,(78,95),17259,E,359,4.0 ,359.0]
[17374] [909.0,(78,96),17313,E,360,3.0 ,360.0]
[17424] [912.0,(78,97),17374,E,361,2.0 ,361.0]
[17472] [915.0,(78,98),17424,E,362,3.0 ,362.0]
[17515] [916.0,(79,98),17472,S,363,2.0 ,363.0]
[17562] [917.0,(80,98),17515,S,364,1.0 ,364.0]
[17617] [920.0,(80,97),17562,O,365,0.0 ,365.0]
