[id][cost,state,father_id,action,depth,h,value]
[0] [0.0,(0,0),None,None,0,101.0,0.0]
[1] [1.0,(0,1),0,E,1,100.0 ,1.0]
[2] [2.0,(0,2),1,E,2,99.0 ,2.0]
[5] [3.0,(0,3),2,E,3,98.0 ,3.0]
[12] [4.0,(0,4),5,E,4,97.0 ,4.0]
[25] [5.0,(0,5),12,E,5,96.0 ,5.0]
[40] [6.0,(0,6),25,E,6,95.0 ,6.0]
[54] [7.0,(0,7),40,E,7,94.0 ,7.0]
[71] [8.0,(0,8),54,E,8,93.0 ,8.0]
[91] [9.0,(0,9),71,E,9,92.0 ,9.0]
[115] [10.0,(0,10),91,E,10,91.0 ,10.0]
[142] [11.0,(0,11),115,E,11,90.0 ,11.0]
[172] [12.0,(0,12),142,E,12,89.0 ,12.0]
[210] [15.0,(0,13),172,E,13,88.0 ,13.0]
[251] [19.0,(1,13),210,S,14,87.0 ,14.0]
[296] [21.0,(1,14),251,E,15,86.0 ,15.0]
[340] [24.0,(1,15),296,E,16,85.0 ,16.0]
[387] [26.0,(1,16),340,E,17,84.0 ,17.0]
[445] [27.0,(1,17),387,E,18,83.0 ,18.0]
[506] [29.0,(1,18),445,E,19,82.0 ,19.0]
[569] [30.0,(1,19),506,E,20,81.0 ,20.0]
[636] [34.0,(1,20),569,E,21,80.0 ,21.0]
[699] [37.0,(2,20),636,S,22,79.0 ,22.0]
[759] [38.0,(2,21),699,E,23,78.0 ,23.0]
[815] [42.0,(2,22),759,E,24,77.0 ,24.0]
[882] [43.0,(2,23),815,E,25,76.0 ,25.0]
[962] [45.0,(2,24),882,E,26,75.0 ,26.0]
[1042] [49.0,(2,25),962,E,27,74.0 ,27.0]
[1122] [51.0,(2,26),1042,E,28,73.0 ,28.0]
[1208] [53.0,(2,27),1122,E,29,72.0 ,29.0]
[1299] [55.0,(3,27),1208,S,30,71.0 ,30.0]
[1391] [58.0,(3,28),1299,E,31,70.0 ,31.0]
[1487] [59.0,(3,29),1391,E,32,69.0 ,32.0]
[1587] [63.0,(3,30),1487,E,33,68.0 ,33.0]
[1685] [64.0,(3,31),1587,E,34,67.0 ,34.0]
[1785] [66.0,(3,32),1685,E,35,66.0 ,35.0]
[1893] [68.0,(3,33),1785,E,36,65.0 ,36.0]
[2007] [69.0,(3,34),1893,E,37,64.0 ,37.0]
[2117] [70.0,(3,35),2007,E,38,63.0 ,38.0]
[2232] [71.0,(3,36),2117,E,39,62.0 ,39.0]
[2352] [72.0,(4,36),2232,S,40,61.0 ,40.0]
[2467] [73.0,(4,37),2352,E,41,60.0 ,41.0]
[2582] [74.0,(5,37),2467,S,42,59.0 ,42.0]
[2717] [77.0,(5,38),2582,E,43,58.0 ,43.0]
[2861] [80.0,(5,39),2717,E,44,57.0 ,44.0]
[2990] [81.0,(6,39),2861,S,45,56.0 ,45.0]
[3122] [82.0,(6,40),2990,E,46,55.0 ,46.0]
[3269] [83.0,(7,40),3122,S,47,54.0 ,47.0]
[3422] [84.0,(8,40),3269,S,48,53.0 ,48.0]
[3567] [88.0,(9,40),3422,S,49,52.0 ,49.0]
[3713] [89.0,(10,40),3567,S,50,51.0 ,50.0]
[3874] [90.0,(11,40),3713,S,51,50.0 ,51.0]
[4041] [91.0,(12,40),3874,S,52,49.0 ,52.0]
[4202] [92.0,(13,40),4041,S,53,48.0 ,53.0]
[4359] [93.0,(13,41),4202,E,54,47.0 ,54.0]
[4522] [94.0,(14,41),4359,S,55,46.0 ,55.0]
[4702] [96.0,(15,41),4522,S,56,45.0 ,56.0]
[4890] [99.0,(16,41),4702,S,57,44.0 ,57.0]
[5081] [100.0,(17,41),4890,S,58,43.0 ,58.0]
[5270] [103.0,(18,41),5081,S,59,42.0 ,59.0]
[5446] [104.0,(19,41),5270,S,60,41.0 ,60.0]
[5606] [107.0,(19,42),5446,E,61,40.0 ,61.0]
[5754] [109.0,(20,42),5606,S,62,39.0 ,62.0]
[5894] [110.0,(21,42),5754,S,63,38.0 ,63.0]
[6026] [111.0,(22,42),5894,S,64,37.0 ,64.0]
[6151] [115.0,(22,43),6026,E,65,36.0 ,65.0]
[6277] [116.0,(23,43),6151,S,66,35.0 ,66.0]
[6402] [119.0,(24,43),6277,S,67,34.0 ,67.0]
[6515] [120.0,(25,43),6402,S,68,33.0 ,68.0]
[6621] [121.0,(26,43),6515,S,69,32.0 ,69.0]
[6724] [125.0,(26,44),6621,E,70,31.0 ,70.0]
[6829] [128.0,(27,44),6724,S,71,30.0 ,71.0]
[6938] [131.0,(27,45),6829,E,72,29.0 ,72.0]
[7041] [132.0,(27,46),6938,E,73,28.0 ,73.0]
[7140] [135.0,(28,46),7041,S,74,27.0 ,74.0]
[7235] [136.0,(29,46),7140,S,75,26.0 ,75.0]
[7317] [137.0,(29,47),7235,E,76,25.0 ,76.0]
[7398] [141.0,(30,47),7317,S,77,24.0 ,77.0]
[7481] [142.0,(31,47),7398,S,78,23.0 ,78.0]
[7548] [145.0,(31,48),7481,E,79,22.0 ,79.0]
[7614] [148.0,(31,49),7548,E,80,21.0 ,80.0]
[7694] [149.0,(32,49),7614,S,81,20.0 ,81.0]
[7772] [150.0,(33,49),7694,S,82,19.0 ,82.0]
[7838] [151.0,(34,49),7772,S,83,18.0 ,83.0]
[7897] [155.0,(34,50),7838,E,84,17.0 ,84.0]
[7956] [157.0,(34,51),7897,E,85,16.0 ,85.0]
[8018] [158.0,(35,51),7956,S,86,15.0 ,86.0]
[8076] [159.0,(36,51),8018,S,87,14.0 ,87.0]
[8130] [163.0,(37,51),8076,S,88,13.0 ,88.0]
[8177] [167.0,(37,52),8130,E,89,12.0 ,89.0]
[8217] [170.0,(38,52),8177,S,90,11.0 ,90.0]
[8261] [173.0,(39,52),8217,S,91,10.0 ,91.0]
[8299] [174.0,(40,52),8261,S,92,9.0 ,92.0]
[8336] [177.0,(41,52),8299,S,93,8.0 ,93.0]
[8370] [178.0,(42,52),8336,S,94,7.0 ,94.0]
[8400] [179.0,(43,52),8370,S,95,6.0 ,95.0]
[8427] [181.0,(44,52),8400,S,96,5.0 ,96.0]
[8450] [183.0,(45,52),8427,S,97,4.0 ,97.0]
[8468] [184.0,(46,52),8450,S,98,3.0 ,98.0]
[8483] [186.0,(47,52),8468,S,99,2.0 ,99.0]
[8495] [187.0,(48,52),8483,S,100,1.0 ,100.0]
[8504] [189.0,(49,52),8495,S,101,0.0 ,101.0]
