[id][cost,state,father_id,action,depth,h,value]
[0] [0.0,(0,0),None,None,0,108.0,108.0]
[1] [1.0,(0,1),0,E,1,107.0 ,108.0]
[3] [4.0,(0,2),1,E,2,106.0 ,110.0]
[10] [5.0,(1,2),3,S,3,105.0 ,110.0]
[18] [6.0,(2,2),10,S,4,104.0 ,110.0]
[28] [8.0,(3,2),18,S,5,103.0 ,111.0]
[43] [9.0,(3,3),28,E,6,102.0 ,111.0]
[47] [10.0,(4,3),43,S,7,101.0 ,111.0]
[53] [11.0,(4,4),47,E,8,100.0 ,111.0]
[56] [13.0,(5,4),53,S,9,99.0 ,112.0]
[79] [14.0,(6,4),56,S,10,98.0 ,112.0]
[85] [15.0,(7,4),79,S,11,97.0 ,112.0]
[91] [16.0,(7,5),85,E,12,96.0 ,112.0]
[95] [20.0,(7,6),91,E,13,95.0 ,115.0]
[231] [21.0,(7,7),95,E,14,94.0 ,115.0]
[235] [22.0,(7,8),231,E,15,93.0 ,115.0]
[239] [24.0,(7,9),235,E,16,92.0 ,116.0]
[276] [25.0,(8,9),239,S,17,91.0 ,116.0]
[279] [27.0,(8,10),276,E,18,90.0 ,117.0]
[338] [28.0,(8,11),279,E,19,89.0 ,117.0]
[343] [29.0,(9,11),338,S,20,88.0 ,117.0]
[346] [31.0,(9,12),343,E,21,87.0 ,118.0]
[429] [32.0,(9,13),346,E,22,86.0 ,118.0]
[433] [33.0,(9,14),429,E,23,85.0 ,118.0]
[437] [34.0,(9,15),433,E,24,84.0 ,118.0]
[441] [35.0,(9,16),437,E,25,83.0 ,118.0]
[445] [36.0,(10,16),441,S,26,82.0 ,118.0]
[454] [37.0,(10,17),445,E,27,81.0 ,118.0]
[458] [38.0,(10,18),454,E,28,80.0 ,118.0]
[462] [39.0,(11,18),458,S,29,79.0 ,118.0]
[471] [41.0,(11,19),462,E,30,78.0 ,119.0]
[578] [42.0,(12,19),471,S,31,77.0 ,119.0]
[599] [44.0,(12,20),578,E,32,76.0 ,120.0]
[699] [45.0,(13,20),599,S,33,75.0 ,120.0]
[709] [46.0,(14,20),699,S,34,74.0 ,120.0]
[728] [48.0,(14,21),709,E,35,73.0 ,121.0]
[888] [50.0,(14,22),728,E,36,72.0 ,122.0]
[1078] [51.0,(15,22),888,S,37,71.0 ,122.0]
[1084] [52.0,(15,23),1078,E,38,70.0 ,122.0]
[1087] [54.0,(15,24),1084,E,39,69.0 ,123.0]
[1306] [55.0,(15,25),1087,E,40,68.0 ,123.0]
[1310] [56.0,(15,26),1306,E,41,67.0 ,123.0]
[1313] [57.0,(16,26),1310,S,42,66.0 ,123.0]
[1323] [59.0,(17,26),1313,S,43,65.0 ,124.0]
[1511] [60.0,(18,26),1323,S,44,64.0 ,124.0]
[1530] [61.0,(18,27),1511,E,45,63.0 ,124.0]
[1532] [62.0,(18,28),1530,E,46,62.0 ,124.0]
[1535] [63.0,(18,29),1532,E,47,61.0 ,124.0]
[1539] [64.0,(18,30),1535,E,48,60.0 ,124.0]
[1543] [65.0,(18,31),1539,E,49,59.0 ,124.0]
[1548] [66.0,(19,31),1543,S,50,58.0 ,124.0]
[1590] [68.0,(20,31),1548,S,51,57.0 ,125.0]
[1897] [69.0,(21,31),1590,S,52,56.0 ,125.0]
[1907] [70.0,(21,32),1897,E,53,55.0 ,125.0]
[1910] [71.0,(21,33),1907,E,54,54.0 ,125.0]
[1913] [72.0,(21,34),1910,E,55,53.0 ,125.0]
[1917] [73.0,(22,34),1913,S,56,52.0 ,125.0]
[1947] [75.0,(23,34),1917,S,57,51.0 ,126.0]
[2243] [78.0,(24,34),1947,S,58,50.0 ,128.0]
[2858] [79.0,(25,34),2243,S,59,49.0 ,128.0]
[2872] [80.0,(26,34),2858,S,60,48.0 ,128.0]
[2887] [82.0,(26,35),2872,E,61,47.0 ,129.0]
[3309] [83.0,(26,36),2887,E,62,46.0 ,129.0]
[3312] [86.0,(26,37),3309,E,63,45.0 ,131.0]
[3941] [87.0,(27,37),3312,S,64,44.0 ,131.0]
[3969] [88.0,(28,37),3941,S,65,43.0 ,131.0]
[3999] [89.0,(29,37),3969,S,66,42.0 ,131.0]
[4005] [90.0,(30,37),3999,S,67,41.0 ,131.0]
[4015] [91.0,(31,37),4005,S,68,40.0 ,131.0]
[4032] [92.0,(32,37),4015,S,69,39.0 ,131.0]
[4049] [93.0,(33,37),4032,S,70,38.0 ,131.0]
[4056] [94.0,(33,38),4049,E,71,37.0 ,131.0]
[4059] [97.0,(33,39),4056,E,72,36.0 ,133.0]
[4580] [98.0,(34,39),4059,S,73,35.0 ,133.0]
[4587] [100.0,(35,39),4580,S,74,34.0 ,134.0]
[4887] [102.0,(35,40),4587,E,75,33.0 ,135.0]
[5320] [104.0,(35,41),4887,E,76,32.0 ,136.0]
[5696] [105.0,(36,41),5320,S,77,31.0 ,136.0]
[5710] [106.0,(36,42),5696,E,78,30.0 ,136.0]
[5713] [107.0,(36,43),5710,E,79,29.0 ,136.0]
[5718] [108.0,(37,43),5713,S,80,28.0 ,136.0]
[5736] [109.0,(38,43),5718,S,81,27.0 ,136.0]
[5751] [110.0,(39,43),5736,S,82,26.0 ,136.0]
[5765] [111.0,(39,44),5751,E,83,25.0 ,136.0]
[5769] [112.0,(39,45),5765,E,84,24.0 ,136.0]
[5773] [113.0,(39,46),5769,E,85,23.0 ,136.0]
[5777] [115.0,(40,46),5773,S,86,22.0 ,137.0]
[6176] [116.0,(41,46),5777,S,87,21.0 ,137.0]
[6201] [118.0,(42,46),6176,S,88,20.0 ,138.0]
[6580] [119.0,(42,47),6201,E,89,19.0 ,138.0]
[6585] [121.0,(43,47),6580,S,90,18.0 ,139.0]
[6914] [122.0,(44,47),6585,S,91,17.0 ,139.0]
[6929] [123.0,(45,47),6914,S,92,16.0 ,139.0]
[6946] [124.0,(46,47),6929,S,93,15.0 ,139.0]
[6971] [127.0,(47,47),6946,S,94,14.0 ,141.0]
[7546] [128.0,(47,48),6971,E,95,13.0 ,141.0]
[7549] [129.0,(48,48),7546,S,96,12.0 ,141.0]
[7559] [130.0,(49,48),7549,S,97,11.0 ,141.0]
[7569] [132.0,(50,48),7559,S,98,10.0 ,142.0]
[7790] [133.0,(51,48),7569,S,99,9.0 ,142.0]
[7804] [134.0,(51,49),7790,E,100,8.0 ,142.0]
[7807] [135.0,(52,49),7804,S,101,7.0 ,142.0]
[7839] [136.0,(53,49),7807,S,102,6.0 ,142.0]
[7861] [137.0,(54,49),7839,S,103,5.0 ,142.0]
[7893] [139.0,(55,49),7861,S,104,4.0 ,143.0]
[8145] [142.0,(56,49),7893,S,105,3.0 ,145.0]
[8612] [144.0,(57,49),8145,S,106,2.0 ,146.0]
[8813] [146.0,(57,50),8612,E,107,1.0 ,147.0]
[8978] [147.0,(58,50),8813,S,108,0.0 ,147.0]
